24
0 0 0 0 0 4 0 7 12 8 8 5 15 3 7 3 9 7 11 11 7 11 2 0
0 1 0 0 0 0 0 0 4 0 15 0 0 1 0 6 1 5 0 1 0 0 0 0
0 14 13 13 0 6 14 7 2 0 12 6 1 8 6 1 9 8 12 15 6 3 8 5
0 3 9 0 5 9 13 14 4 8 15 12 10 0 0 0 0 0 0 0 0 0 0 0
0 10 13 11 10 1 6 0 0 0 0 0 0 4 3 6 9 11 15 1 2 5 9 11
0 2 15 0 13 2 7 2 11 11 13 15 7 12 9 14 4 3 8 4 7 2 14 15
0 13 1 1 9 15 8 2 15 14 10 5 8 7 1 7 4 2 15 0 5 7 2 11
0 3 0 1 11 10 11 14 0 0 0 0 0 0 8 12 6 4 0 5 4 15 15 15
0 7 1 4 2 8 11 4 15 8 8 5 7 9 5 0 0 0 0 0 0 10 1 14
0 14 1 11 6 6 6 7 5 11 0 0 0 0 0 0 4 0 0 0 0 0 0 4
0 10 13 11 10 1 6 0 0 0 0 0 0 4 3 6 9 11 15 1 2 5 9 11
0 2 15 0 13 2 7 2 11 11 13 15 7 12 9 14 4 3 8 4 7 2 14 15
0 1 3 1 2 6 9 5 0 0 0 0 0 0 7 2 9 2 14 8 11 15 7 13 
0 8 2 8 9 10 4 5 3 6 1 0 12 7 4 1 9 2 8 14 7 3 1 6
0 0 7 12 15 0 14 6 2 0 0 0 0 0 0 0 12 7 15 13 0 4 9 3
0 0 0 0 0 0 2 15 8 0 0 0 0 0 0 3 0 0 12 9 6 15 9 2
0 3 5 6 9 7 9 0 0 0 0 0 0 7 3 10 2 4 10 7 10 5 14 4
0 3 9 0 5 9 13 14 4 8 15 12 10 0 0 0 0 0 0 0 0 0 0 0
0 5 2 5 14 14 13 6 6 13 10 2 12 3 7 0 0 0 0 0 0 13 1 11
0 0 6 6 0 4 0 5 0 4 0 4 0 0 3 0 3 7 10 2 11 1 4 1
0 13 1 1 9 15 8 2 15 14 10 5 8 7 1 7 4 2 15 0 5 7 2 11
0 5 2 5 14 14 13 6 6 13 10 2 12 3 7 0 0 0 0 0 0 13 1 11
0 0 6 6 0 4 0 5 0 4 0 4 0 0 3 0 3 7 10 2 11 1 4 1
0 0 0 0 0 0 0 0 0 0 0 0 0 0 0 0 0 0 0 0 0 0 0 0
